209887
209886
209879
209871
209860
209858
209856
209855
209854
209853
209088
208694
208456
208455
208243
208242
208241
202487
202410
202113
198759
198731
198729
198728
198727
198554
198550
198526
198499
197961
196557
196288
196287
196223
195153
161125
202244
198740
198528
198525
198503
198501
198482
198430
198021
198011
197991
197987
197983
197979
197977
197510
197286
197174
197146
197062
196556
195531
195518
195515
195350
195152
195137
195136
195060
194757
194139
192331
192330
192328
192327
187731
187644
158406
157131
156736
151895
