215908
215907
215899
215792
215791
215788
215787
215786
215785
215784
215783
215782
215781
215780
215777
215776
215775
215767
215766
215765
215764
215763
215762
215760
215757
215756
215751
215750
215748
215747
215744
215741
215740
215734
215732
215731
215726
215725
215724
215723
215722
215721
215720
215719
215717
215715
215714
215713
215705
215683
215679
215672
215670
215666
215665
215664
215663
215658
215593
215067
215066
215065
215060
215059
215058
215057
215054
215051
215050
215043
215042
215020
215019
215018
215017
215012
214914
214913
214912
214910
214909
214856
214855
214854
214853
214825
214824
214814
214807
214362
214361
214189
214188
214166
214163
214161
214160
214159
214156
214154
214151
214141
214140
214139
214133
214131
214129
214128
214127
214125
214124
214123
214122
214119
214117
214116
214115
214114
214113
214108
214106
214105
214103
214100
214096
214094
214085
213913
213705
213704
213703
213702
213543
213169
213167
213166
213159
213158
213157
213156
213155
213154
213151
213150
213149
213148
213147
213146
213144
213142
213141
213140
213136
213133
213132
213130
213129
213128
213127
213126
213125
213124
213123
213122
213121
213120
213117
213116
213115
213114
213111
213110
213107
213106
213105
213104
213103
213102
213101
213100
213098
213097
213096
213095
213094
213093
213092
213091
213090
213089
213088
213087
213086
213084
213081
213080
213079
213078
213073
213071
213070
213066
213065
213064
213063
213062
213061
213059
213058
213057
213056
213054
213052
213049
213048
213047
213046
213045
213044
213042
212998
212962
212938
212918
212917
212916
212764
212763
212721
212713
212712
212624
212607
212596
212140
212139
212138
211844
211843
211681
211656
211655
211646
211645
211604
211603
211600
211585
211547
211544
211543
211542
211514
211513
211330
210963
210962
210956
210955
210909
210733
210724
210720
210719
210606
210604
210546
210534
210533
210525
210417
210412
210411
210381
210379
210378
210300
210298
210297
210296
210284
210283
210282
210281
210280
210279
210274
210272
210270
210221
210195
210193
210190
210189
210188
210187
210186
210185
210184
210177
210175
210126
210125
210106
210034
210032
210030
209988
209987
209979
209978
209977
209964
209921
209889
209872
209870
209868
209847
209844
209820
209819
209818
209815
209812
209811
209810
209809
209807
209797
209796
209795
209794
209790
209789
209783
209782
209781
209780
209778
209762
209741
209740
209739
209738
209737
209736
209726
209725
209724
209715
209714
209697
209696
209695
209694
209693
209687
209686
209684
209683
209679
209678
209672
209682
209681
209563
209561
209545
209531
209461
209128
209009
208921
208474
208363
208304
208064
208058
207995
207990
207987
207971
207723
207722
207720
207719
207718
207712
207709
207705
207704
207703
207702
207692
207690
207686
207676
207675
207674
207659
207658
207656
207652
207649
207648
207645
207644
207642
207640
207639
207638
207637
207634
207633
207632
207631
207630
207629
207628
207627
207626
207625
207621
207620
207619
207615
207612
207611
207604
207603
207573
207572
207571
207570
207565
207561
207559
207557
207555
207552
207548
207547
207543
207532
207530
207499
207495
207492
207491
207484
207483
207479
207478
207468
207467
207464
207460
207459
207458
207456
207455
207454
207451
207432
207462
207431
207402
207400
207399
207398
207397
207396
207394
207393
207392
207391
207383
207367
207366
207365
207350
207337
207321
207278
207258
207257
207256
207224
207600
207007
206091
206080
206079
206078
206077
206076
206075
206067
206066
206065
206064
206063
206062
206061
206056
206055
206041
206037
206036
206033
206030
206028
206022
206021
206018
205874
205641
205630
205629
205628
205627
205626
205625
205624
205623
205622
205621
205620
205619
205615
205612
205437
205430
205405
205392
205391
205390
205343
205340
205329
205125
204987
204965
204782
204710
204706
204497
204496
204494
204493
204492
204491
204490
204489
204488
204487
204486
204485
204484
204483
204482
204481
204480
204479
204477
204476
204473
204466
204465
204464
204463
204462
204457
204446
204443
204441
204429
204411
204410
204409
204408
204385
204364
204326
204325
204310
204309
204308
204307
204306
204285
204250
204249
204209
204208
203962
203892
203784
203768
203765
203508
203448
203378
203280
202937
202546
202470
202232
202085
202084
201360
201241
200980
200661
200660
200656
198461
210261
210259
210258
210257
210256
210255
210236
210220
210219
210218
210217
210216
210209
210230
210208
210205
210204
210203
210146
210145
210144
210141
210139
210135
210133
210132
209918
209913
209912
209911
209910
209909
209908
209906
209905
209904
209903
209902
209901
209900
209899
209898
209897
209896
209895
209894
209892
209891
209888
209887
209886
209879
209871
209860
209858
209856
209855
209854
209853
209852
209851
209850
209848
209846
209845
209840
209830
209826
209825
209824
209823
209742
209669
209659
209658
209657
209656
209655
209654
209640
209639
209638
209637
209634
209633
209632
209631
209630
209629
209625
209624
209623
209619
209618
209609
209608
209607
209602
209601
209600
209585
209582
209578
209577
209571
209570
209567
209560
209558
209556
209551
209550
209549
209548
209547
209546
209540
209539
209538
209537
209536
209535
209534
209533
209532
209527
209526
209525
209523
209522
209521
209515
209513
209512
209475
209474
209473
209472
209471
209460
209445
209419
209414
209413
209412
209407
209406
209400
209399
209394
209391
209389
209388
209387
209386
209385
209384
209383
209382
209381
209366
209364
209362
209361
209356
209344
209343
209342
209341
209327
209285
209284
209283
209262
209233
209232
209231
209230
209228
209226
209217
209213
209212
209211
209210
209209
209208
209207
209206
209205
209204
209202
209194
209193
209192
209188
209184
209183
209182
209180
209179
209178
209176
209170
209169
209168
209167
209166
209165
209164
209161
209158
209157
209156
209155
209154
209153
209152
209151
209150
209147
209146
209145
209142
209141
209140
209136
209117
209114
209105
209104
209100
209099
209098
209095
209094
209093
209091
209088
209087
209051
209022
209020
209013
209012
209011
209005
208993
208992
208966
208945
208943
208934
208933
208931
208928
208927
208926
208925
208915
208914
208897
208895
208894
208893
208892
208891
208890
208876
208875
208874
208873
208872
208871
208870
208869
208867
208864
208859
208868
208852
208851
208840
208839
208823
208816
208815
208798
208794
208777
208775
208748
208740
208739
208738
208734
208720
208719
208717
208716
208705
208704
208703
208702
208700
208697
208696
208694
208503
208502
208501
208500
208499
208498
208497
208496
208493
208492
208490
208489
208488
208486
208485
208484
208483
208482
208480
208478
208477
208476
208475
208470
208468
208466
208465
208464
208463
208461
208458
208457
208456
208455
208452
208451
208445
208443
208442
208440
208437
208429
208415
208412
208411
208391
208390
208378
208377
208376
208375
208374
208373
208372
208371
208370
208369
208368
208367
208366
208365
208358
208357
208356
208355
208354
208353
208352
208350
208348
208347
208346
208345
208344
208343
208342
208341
208340
208339
208338
208337
208335
208334
208333
208332
208330
208323
208322
208321
208320
208319
208318
208317
208315
208314
208313
208301
208300
208299
208293
208284
208282
208280
208278
208275
208264
208259
208258
208255
208253
208250
208248
208247
208246
208245
208244
208243
208242
208241
208231
208223
208222
208209
208208
208207
208206
208205
208204
208192
208191
208188
208187
208184
208177
208157
208156
208154
208153
208152
208151
208150
208149
208148
208147
208146
208145
208144
208143
208142
208141
208140
208139
208138
208137
208136
208135
208134
208133
208132
208131
208130
208129
208128
208127
208126
208125
208124
208122
208121
208120
208119
208118
208116
208115
208114
208113
208111
208110
208109
208108
208107
208100
208092
208091
208090
208089
208087
208086
208085
208084
208083
208082
208081
208078
208077
208075
208074
208070
208059
208057
208056
208054
208053
208052
208046
208045
208044
208043
208036
208035
208034
208033
208028
208017
208016
208015
208013
208011
208010
208009
208008
208007
208005
208004
208003
208002
207999
207998
207967
207966
207965
207964
207931
207919
207914
207908
207905
207904
207901
207900
207892
207887
207879
207870
207865
207864
207851
207850
207845
207844
207843
207842
207838
207837
207835
207831
207830
207829
207827
207826
207825
207824
207822
207818
207817
207816
207815
207813
207809
207808
207804
207802
207801
207799
207798
207797
207796
207793
207782
207781
207780
207779
207778
207777
207776
207775
207773
207770
207768
207767
207766
207765
207763
207760
207759
207747
207745
207742
207741
207738
207737
207735
207731
207691
207549
207433
207332
207320
207316
207315
207314
207313
207311
207310
207309
207308
207307
207305
207304
207303
207297
207296
207295
207291
207290
207289
207283
207280
207279
207271
207263
207262
207261
207260
207259
207255
207254
207252
207251
207250
207249
207247
207246
207244
207243
207242
207241
207240
207239
207236
207235
207233
207232
207231
207230
207228
207227
207220
207219
207218
207214
207213
207212
207207
207206
207205
207204
207203
207199
207195
207194
207193
207192
207191
207190
207189
207188
207187
207186
207183
207182
207179
207178
207177
207174
207173
207172
207171
207169
207168
207166
207165
207164
207163
207162
207160
207158
207157
207145
207144
207143
207123
207122
207120
207118
207106
207105
207104
207103
207102
207101
207096
207095
207094
207093
207086
207085
207081
207080
207079
207078
207076
207075
207073
207071
207070
207069
207067
207066
207065
207064
207063
207062
207057
207052
207036
207035
207033
207032
207031
207030
207028
207027
207025
207024
207020
207019
207018
207017
207014
207013
207012
207011
207010
207006
207004
207003
207002
207001
207000
206999
206998
206997
206995
206994
206993
206992
206990
206980
206979
206978
206976
206974
206964
206962
206958
206957
206955
206948
206944
206943
206942
206941
206940
206939
206938
206937
206930
206929
206928
206927
206926
206925
206924
206923
206921
206915
206898
206895
206890
206885
206884
206876
206874
206873
206867
206865
206864
206858
206857
206856
206139
206137
206136
206133
206132
206131
206130
206129
206128
206120
206119
206095
206094
206085
206081
206072
206071
206049
206047
206046
206045
206038
206016
206010
206009
206006
206001
205994
205992
205983
205957
205956
205955
205954
205953
205952
205951
205950
205946
205944
205895
205876
205873
205871
205870
205869
205868
205867
205865
205859
205852
205851
205850
205849
205848
205847
205840
205838
205837
205836
205835
205831
205829
205828
205823
205821
205820
205819
205818
205807
205803
205775
205774
205773
205772
205767
205766
205765
205764
205763
205762
205675
205674
205673
205666
205664
205662
205657
205656
205655
205654
205653
205646
205644
205643
205637
205636
205632
205631
205597
205596
205595
205594
205593
205592
205583
205582
205581
205580
205578
205577
205576
205575
205574
205573
205572
205571
205570
205569
205568
205567
205566
205564
205563
205562
205561
205560
205559
205558
205557
205555
205554
205406
205404
205398
205397
205389
205387
205386
205384
205382
205381
205380
205377
205376
205375
205374
205373
205372
205370
205369
205368
205367
205365
205364
205363
205362
205361
205359
205348
205331
205328
205327
205326
205319
205318
205303
205302
205301
205300
205299
205298
205293
205292
205289
205190
205189
205187
205155
205153
205149
205146
205145
205144
205143
205142
205141
205139
205138
205137
205134
205130
205129
205128
205126
205124
205123
205122
205121
205120
205116
205115
205105
205104
205102
205100
205099
205098
205097
205096
205095
205091
205089
205088
205087
205086
205085
205084
205083
205082
205081
205080
205079
205070
205061
205058
205057
205056
205055
205054
205052
205049
205048
205045
205043
205042
205041
205040
205034
205033
205032
205031
205030
205029
205023
205022
205020
205019
205018
205013
205012
205011
205010
205006
205004
205003
205002
204999
204998
204997
204996
204995
204994
204992
204989
204983
204980
204978
204976
204969
204967
204966
204963
204962
204961
204960
204959
204958
204957
204956
204955
204953
204952
204951
204950
204949
204948
204947
204946
204943
204942
204941
204940
204939
204938
204937
204935
204934
204933
204932
204931
204930
204925
204924
204922
204920
204919
204918
204916
204915
204914
204913
204910
204909
204906
204884
204880
204879
204877
204875
204873
204872
204871
204870
204868
204865
204864
204863
204862
204861
204859
204854
204853
204852
204850
204803
204783
204781
204780
204779
204771
204770
204748
204747
204733
204729
204727
204725
204724
204723
204722
204721
204720
204719
204718
204701
204700
204699
204693
204691
204684
204681
204680
204679
204678
204669
204668
204667
204666
204660
204657
204614
204574
204573
204468
204461
204460
204458
204456
204454
204453
204414
204413
204551
204407
204406
204401
204400
204398
204550
204363
204355
204354
204353
204351
204349
204345
204344
204342
204341
204340
204339
204331
204330
204329
204327
204322
204321
204305
204303
204302
204301
204294
204293
204292
204291
204290
204289
204288
204287
204286
204284
204283
204278
204277
204276
204275
204267
204264
204262
204261
204260
204259
204258
204257
204256
204255
204254
204248
204247
204246
204242
204240
204239
204238
204217
204216
204206
204205
204204
204203
204186
204086
204084
204082
204081
204080
204079
204078
204077
204070
204069
204068
204067
204066
204063
204055
204054
204031
203990
203966
203929
203912
203910
203899
203897
203850
203846
203841
203838
203837
203835
203834
203826
203825
203823
203822
203821
203820
203819
203818
203817
203816
203815
203810
203809
203808
203799
203798
203797
203793
203776
203767
203762
203746
203744
203740
203735
203734
203733
203731
203730
203729
203728
203727
203726
203725
203724
203723
203722
203721
203720
203719
203718
203715
203712
203711
203710
203709
203703
203702
203701
203699
203698
203697
203696
203694
203691
203690
203705
203686
203685
203673
203671
203669
203667
203666
203665
203664
203659
203658
203653
203645
203644
203643
203635
203633
203627
203588
203560
203553
203546
203542
203534
203522
203520
203516
203514
203513
203512
203506
203504
203503
203499
203497
203495
203490
203486
203481
203480
203479
203478
203477
203476
203475
203474
203471
203470
203469
203468
203466
203464
203463
203459
203458
203455
203453
203449
203432
203410
203409
203408
203406
203404
203403
203402
203401
203400
203392
203390
203388
203387
203386
203385
203377
203369
203368
203367
203366
203364
203360
203359
203358
203357
203356
203355
203354
203345
203340
203336
203335
203334
203333
203324
203315
203312
203305
203294
203284
203283
203278
203276
203272
203261
203226
203225
203224
203223
203221
203219
203218
203204
203200
203199
203198
203182
203180
203179
202945
202943
202933
202922
202921
202920
202919
202918
202898
202897
202896
202894
202892
202891
202889
202886
202883
202863
202845
202844
202843
202842
202841
202840
202839
202828
202827
202826
202825
202824
202823
202822
202821
202820
202819
202817
202816
202815
202814
202813
202809
202807
202790
202782
202776
202773
202772
202771
202770
202769
202763
202762
202761
202760
202759
202758
202757
202756
202755
202754
202749
202748
202740
202739
202738
202737
202736
202735
202703
202697
202696
202695
202694
202693
202692
202691
202690
202688
202687
202686
202684
202683
202682
202681
202679
202678
202677
202676
202675
202674
202673
202672
202671
202670
202669
202668
202667
202666
202665
202664
202663
202656
202645
202635
202618
202602
202572
202571
202570
202569
202568
202567
202566
202558
202557
202556
202554
202553
202550
202549
202535
202529
202528
202527
202526
202525
202524
202523
202522
202521
202520
202519
202518
202517
202516
202495
202494
202493
202492
202488
202487
202486
202483
202474
202473
202472
202471
202466
202461
202452
202451
202410
202313
202311
202310
202309
202308
202307
202281
202268
202267
202266
202265
202257
202256
202255
202254
202253
202251
202242
202240
202239
202218
202217
202216
202215
202214
202212
202210
202205
202204
202202
202201
202196
202194
202185
202183
202182
202181
202180
202177
202174
202152
202151
202150
202149
202148
202140
202139
202137
202135
202134
202129
202128
202127
202126
202125
202124
202123
202119
202118
202115
202114
202113
202112
202110
202109
202108
202107
202106
202105
202104
202099
202094
202082
202079
202078
202077
202076
202075
202073
202058
202055
202051
202044
202033
202032
202031
202028
202026
202024
202023
202022
202021
202013
202012
202011
202009
202008
202007
202006
202005
202004
202001
202000
201999
201989
201958
201957
201956
201955
201926
201918
201911
201910
201909
201907
201896
201890
201889
201883
201882
201881
201872
201870
201867
201862
201861
201860
201859
201858
201857
201856
201855
201845
201835
201823
201822
201920
201639
201590
201589
201588
201507
201462
201460
201454
201428
201377
201308
201304
201303
201301
201280
201279
201277
201275
201260
201243
201145
201125
201111
201109
201037
201009
201007
201006
201000
200995
200994
200934
200664
200662
200659
200658
200657
200655
200652
200651
200650
200649
200648
200647
200646
200644
200640
200639
200638
200637
200636
200635
200615
200614
200599
200597
200596
200595
200594
200593
200592
200591
200586
200582
200581
200579
200571
200570
200567
200566
200565
200557
200556
200555
200554
200553
200552
200547
200542
200541
200540
200539
200538
200537
200536
200535
200534
200533
200532
200531
200530
200529
200528
200527
200526
200525
200524
200520
200519
200518
200517
200516
200515
200514
200513
200512
200508
200507
200506
200505
200471
200438
200407
200405
200403
200400
200325
200322
198759
198731
198729
198728
198727
198554
198550
198526
198499
197961
196557
196288
196287
196223
195153
161125
138323
138322
128915
208112
208073
208072
208071
208069
208068
208065
208051
208050
208049
208048
208047
208042
208041
208040
208039
208032
208031
207957
207955
207954
207953
207950
207949
207948
207947
207946
207945
207943
207942
207941
207940
207939
207938
207937
207936
207935
207934
207925
207924
207921
207920
207913
207912
207909
207899
207898
207895
207894
207893
207889
207888
207886
207880
207875
207873
207872
207869
207868
207863
207861
207858
207857
207856
207854
207849
207848
204651
204649
204646
204644
204643
204642
204641
204628
204627
204626
204625
204624
204613
204598
204597
204596
204595
204594
204593
204572
204564
204174
204125
204110
204102
204100
204099
204097
204096
204095
204094
204044
204043
204042
204041
204040
204039
204035
204034
204030
204029
204027
204018
204017
204016
204015
204007
204002
203999
203998
203996
203995
203994
203993
203987
203986
203981
203968
203967
203965
203954
203953
203951
203950
203944
203928
203926
203925
203922
203921
203918
203917
203904
203903
203902
203901
203900
203894
203893
203884
203871
203868
203791
203781
203780
203775
203774
203772
203771
203770
203769
203751
203631
203575
203574
203573
203572
203571
203570
203569
203567
203565
203563
203562
203558
203556
203555
203552
203549
203528
203519
203510
203434
203433
203321
203320
203318
203314
203311
203310
203309
203308
203289
203288
203286
203282
203271
203270
203268
203267
203266
203254
203253
203249
203247
203246
203244
203241
203236
203235
203234
203233
203231
203230
203227
203197
203196
203195
203194
203178
203177
202930
202927
202924
202923
202911
202910
202909
202908
202801
202799
202798
202796
202795
202779
202659
202653
202652
202651
202650
202649
202648
202647
202646
202638
202629
202587
202586
202585
202583
202497
202496
202485
202469
202468
202467
202463
202454
202453
202450
202449
202448
202447
202446
202445
202442
202440
202439
202437
202426
202423
202408
202407
202406
202403
202402
202401
202399
202398
202397
202393
202392
202391
202390
202388
202387
202376
202374
202373
202372
202368
202367
202366
202365
202352
202351
202350
202349
202348
202347
202345
202344
202343
202341
202246
202245
202244
202238
202237
202236
202235
202234
202233
202227
202220
202187
202186
202169
202097
201988
201983
201982
201981
201979
201978
201977
201973
201969
201961
201954
201953
201951
201950
201949
201947
201943
201941
201940
201939
201938
201936
201921
201905
201904
201849
201839
201833
201832
201830
201821
201820
201819
201818
201786
201782
201781
201777
201736
201735
201725
201619
201618
201617
201616
201615
201610
201585
201584
201583
201582
201504
201503
201502
201501
201500
201499
201498
201497
201496
201495
201494
201493
201492
201491
201489
201478
201472
201471
201470
201465
201456
201455
201453
201440
201439
201438
201437
201434
201432
201431
201430
201429
201427
201426
201422
201421
201420
201386
201382
201379
201378
201375
201374
201370
201369
201368
201367
201366
201357
201353
201352
201351
201348
201341
201340
201339
201337
201335
201333
201331
201327
201324
201323
201322
201316
201315
201310
201306
201299
201298
201285
201278
201261
201259
201251
201250
201249
201248
201247
201246
201223
201221
201218
201217
201213
201209
201195
201177
201176
201164
201141
201126
201123
201122
201116
201115
201114
201113
201112
201107
201104
201101
201100
201099
201085
201084
201083
201068
201049
201046
201045
201044
201043
201042
201041
201040
201039
201038
201036
201035
201034
201012
201011
201005
201003
200999
200997
200996
200988
200987
200986
200985
200983
200981
200972
200970
200969
200968
200965
200964
200963
200962
200953
200951
200948
200946
200938
200937
200935
200933
200961
200932
200931
200930
200929
200926
200923
200474
200464
200462
200461
200459
200458
200457
200455
200450
200432
200431
200430
200429
200393
198740
198528
198525
198503
198501
198482
198430
198021
198011
197991
197987
197983
197979
197977
197510
197286
197174
197146
197062
196556
195531
195518
195515
195350
195152
195137
195136
195060
194757
194139
192331
192330
192328
192327
187731
187644
158406
157131
156736
151895
139575
138320
122839
